time: 0.60771633333934, 0.6082718666730216, 0.6088393000027281, 0.609374816667696, 0.6099227000013343, 0.6105072833379381, 0.6255275333387544, 0.626074100000551, 0.6266076500032796, 0.6271756333371741, 0.6277412666677264, 0.6282920666708378, 0.6288326666690409, 0.6294051666700398, 0.6305070833404898, 0.6310653833352262, 0.6316117000023951, 0.6321712166682119, 0.6327576833355124, 0.6332873000064865, 0.6338493500006734, 0.6344304000012926, 0.6349490833381424, 0.6355002666678047, 0.636085850004747, 0.6366209333355073, 0.6371547833405202, 0.6377263666727231, 0.6383207000035327, 0.6388725000069826, 0.6394129833352054, 0.6399715166699025, 0.6405119833361823, 0.641079750006611, 0.6416237333396566, 0.6421822166666971, 0.6427551000015228, 0.6432911833398975, 0.6438492000015685, 0.6444214833391015, 0.6449639333368395, 0.6455214166708174, 0.6460825000031036, 0.6466140166667174, 0.6471799000064493, 0.6477438833389897, 0.6483178833368584, 0.6488626333375578, 0.649435250001261, 0.6499549833388301
xpos: 369.95, 369.9512, 369.5349, 369.9375, 371.1163, 370.0625, 367.8333, 367.8611, 367.617, 367.2, 366.9362, 366.2857, 365.5385, 364.8, 359.9546, 358.3077, 356.283, 355.5185, 355.0492, 353.746, 350.9243, 348.5606, 348.9231, 348.8219, 348.7286, 347.5625, 346.0972, 344.4394, 341.8971, 339.8209, 339.1408, 338.1351, 337.9054, 340.1622, 342.8055, 343.3784, 342.7536, 343.1528, 346.7333, 349.2361, 348.2206, 347.4366, 347.9595, 345.971, 343.2535, 343.0411, 343.7733, 345.4886, 345.8353, 345.4359
ypos: 355.3, 356.2927, 357.2325, 356.375, 355.5116, 355.875, 358.9333, 360.8889, 361.9362, 362.4889, 364.4893, 366.7143, 367.9615, 367.5778, 366.8182, 368.3269, 369.3773, 366.2222, 361.623, 361.9524, 365.303, 367.3333, 367.6461, 366.1918, 364.6571, 363.2188, 362.25, 362.803, 364.8824, 366.0, 365.4789, 365.5811, 364.6081, 361.446, 358.0972, 357.6892, 359.5942, 360.1389, 358.7067, 358.2361, 359.5882, 360.6056, 359.527, 361.7971, 364.507, 362.6575, 357.5067, 349.7273, 345.3647, 344.6538
