time: 5.05008925000584, 5.050620183334104, 5.051174316671677, 5.051722716671065, 5.052307566671516, 5.05284393333568, 5.053395550006826, 5.0539462500019, 5.054529833338165, 5.05507273333933, 5.05561573333398, 5.056162300003052, 5.056739150000794, 5.05729978333693, 5.057856816667481, 5.058386216667714, 5.058973650004191, 5.059502716670977, 5.06006366667134, 5.06064950000291, 5.061190283333417, 5.0617266000044765, 5.062327416671906, 5.0628464666733635, 5.063400833336345, 5.063970800001698, 5.06452898333373, 5.065087966671854, 5.065644966671243, 5.066185566669446, 5.066755766667484, 5.067335216670472, 5.067858266673284, 5.068415700006881, 5.068964850004704, 5.069534933340037, 5.070103266669321, 5.070631966671499, 5.071179583334015, 5.07177340000635, 5.072318916667427, 5.0728569500060985, 5.073418650004896, 5.074014683334099, 5.074531500002195, 5.075081466668053, 5.075647716672393, 5.076218333335419, 5.076769333340053, 5.077327116669039, 5.078993850002007, 5.080097783335077, 5.080649366667785, 5.081212333338044, 5.081748350006819, 5.082331016667013, 5.082859033340355, 5.083413950000249, 5.08399788333918, 5.084544500001357, 5.085103466670262, 5.085655733339081, 5.086193833340076, 5.086789700006193, 5.087327216671838, 5.087878783335327, 5.088427650000085, 5.088994450001337, 5.089560233340308, 5.090092550002737, 5.090679716668092, 5.091202700001304, 5.091796166670974, 5.092344850003428, 5.092892216671316, 5.093444616672059, 5.094006633335084, 5.094580433338706, 5.095107866669423, 5.095680816673848, 5.0962173666703166, 5.096777883336472, 5.097342500004743, 5.097871950005356, 5.098426100004872, 5.098980750000919, 5.09956143333693
xpos: 134.7636, 136.1538, 134.8209, 133.6029, 133.7015, 134.3939, 134.4688, 134.169, 134.1015, 135.6364, 138.6061, 142.0, 140.75, 140.9178, 143.5823, 147.4706, 150.4146, 151.3944, 151.2, 150.7727, 147.3151, 145.1194, 144.9844, 144.9552, 145.4844, 146.2754, 148.7465, 150.4507, 148.5373, 146.9692, 146.2778, 145.0571, 144.942, 144.7917, 144.9079, 146.1163, 149.4429, 153.913, 161.2703, 168.7324, 175.1194, 182.2754, 192.1818, 202.5, 211.9178, 218.5672, 222.1746, 223.0, 222.6035, 222.2727, 216.5, 219.4, 221.0952, 222.6119, 224.7826, 229.2727, 234.0313, 238.1111, 241.5, 247.8133, 255.7564, 265.6026, 275.473, 283.5161, 289.2113, 294.4595, 300.924, 310.6375, 320.0676, 326.2917, 330.0, 335.0411, 337.2581, 338.5493, 339.7314, 342.0769, 341.9516, 343.0606, 344.8, 345.7826, 348.2676, 352.3529, 356.6029, 360.2143, 365.4932, 374.443, 386.6494
ypos: 172.3091, 173.8154, 177.4328, 182.3529, 189.8508, 196.803, 203.9375, 210.0423, 216.8696, 225.7922, 235.3788, 243.5, 250.1912, 254.6027, 261.1646, 270.3294, 279.5244, 285.507, 289.2429, 292.1364, 293.3972, 293.9552, 296.8125, 297.6567, 298.9688, 301.0869, 303.5775, 305.7747, 306.0448, 305.9077, 307.3889, 309.5286, 312.4203, 317.3611, 323.9868, 332.814, 341.2857, 349.0, 356.8513, 364.3239, 369.806, 374.0, 376.2727, 376.9118, 375.4384, 371.4478, 368.6508, 368.5, 368.8276, 368.9091, 368.0, 366.5385, 368.5714, 370.0597, 371.3913, 372.7424, 373.0469, 373.4028, 374.8235, 374.6, 372.5256, 369.4359, 366.5946, 365.1774, 364.1549, 362.527, 359.5949, 356.4, 354.7703, 355.375, 355.9167, 352.7945, 352.8871, 353.7887, 355.0746, 356.1077, 358.6452, 359.8636, 361.3077, 362.5362, 363.4084, 364.4118, 364.8971, 365.5714, 366.0548, 363.2025, 359.0779
